0 0.20901639344262296 0.3031674208144796 0.05737704918032787 0.11312217194570136
0 0.5665983606557377 0.5723981900452488 0.03483606557377049 0.058823529411764705
0 0.30327868852459017 0.4445701357466063 0.03278688524590164 0.06108597285067873
0 0.1834016393442623 0.5599547511312217 0.02663934426229508 0.033936651583710405
1 0.9815573770491803 0.16289592760180996 0.03278688524590164 0.19909502262443438
0 0.06352459016393443 0.5599547511312217 0.04918032786885246 0.06561085972850679
0 0.7653688524590164 0.3257918552036199 0.07581967213114754 0.14027149321266968
1 0.430327868852459 0.8947963800904978 0.036885245901639344 0.07918552036199095
0 0.757172131147541 0.5452488687782805 0.030737704918032786 0.03619909502262444
1 0.8575819672131147 0.3914027149321267 0.018442622950819672 0.058823529411764705
0 0.444672131147541 0.6006787330316742 0.04918032786885246 0.07918552036199095
0 0.430327868852459 0.4852941176470588 0.01639344262295082 0.033936651583710405
